1001.09c
1002.09c
1003.09c
2003.09c
2004.09c
20060
3006.09c
3007.09c
30080
30090
40080
4009.09c
40100
40110
5010.09c
5011.09c
50120
60120
60130
60140
60150
70130
7014.09c
7015.09c
70160
70170
8016.09c
8017.09c
80180
80190
90180
9019.09c
90200
100200
100210
250610
250620
260580
260590
260600
260610
260620
260640
260650
260660
270590
270600
270601
270610
270620
270630
270640
270650
270660
270670
270680
270690
280600
28061.09c
28062.09c
280630
28064.09c
280650
280660
280670
280680
280690
280691
280700
280710
280720
280730
280740
280750
290630
290640
29065.09c
290660
290670
290680
290681
290690
290700
290701
290702
290710
290720
290730
290740
290750
290760
290761
290770
290780
300640
300660
300670
300680
300690
300691
300700
300710
300711
300720
300730
300731
300732
300740
300750
300760
300770
300771
300780
300790
300800
300810
310690
310700
310710
310720
310721
310730
310740
310741
310750
310760
310770
310780
310790
310800
310810
310820
310830
310840
320700
320710
32072.09c
32073.09c
320731
32074.09c
320750
320751
32076.09c
320770
320771
320780
320790
320791
320800
320810
320811
320820
320830
320840
320850
320860
320870
33075.09c
330760
330770
330780
330790
330800
330810
330820
330821
330830
330840
330841
330850
330860
330870
330880
330890
330900
340760
34077.09c
340771
34078.09c
34079.09c
340791
34080.09c
340810
340811
34082.09c
340830
340831
340840
340850
340860
340870
340880
340890
340900
340910
340920
350780
35079.09c
350800
350801
35081.09c
350820
350821
350830
350840
350841
350850
350860
350870
350880
350890
350900
350910
350920
350930
350940
350950
360790
36080.09c
360810
360811
36082.09c
36083.09c
360831
36084.09c
36085.09c
360851
36086.09c
360870
360880
360890
360900
360910
360920
360930
360940
360950
360960
360970
360980
370840
37085.09c
37086.09c
370861
37087.09c
370880
370890
370900
370901
370910
370920
370930
370940
370950
370960
370961
370970
370980
370981
370990
371000
371010
380840
38086.09c
38087.09c
380871
38088.09c
38089.09c
38090.09c
380910
380920
380930
380940
380950
380960
380970
380980
380990
381000
381010
381020
381030
381040
390880
39089.09c
390891
39090.09c
390901
39091.09c
390911
390920
390930
390931
390940
390950
390960
390961
390970
390971
390972
390980
390981
390990
391000
391001
391010
391020
391021
391030
391040
391050
391060
400900
40091.09c
40092.09c
40093.09c
40094.09c
40095.09c
40096.09c
400970
400980
400990
401000
401010
401020
401030
401040
401050
401060
401070
401080
410930
410931
41094.09c
410941
41095.09c
410951
410960
410970
410971
410980
410981
410990
410991
411000
411001
411010
411020
411021
411030
411040
411041
411050
411060
411070
411080
411090
411100
411110
411120
420940
42095.09c
42096.09c
42097.09c
42098.09c
42099.09c
42100.09c
421010
421020
421030
421040
421050
421060
421070
421080
421090
421100
421110
421120
421130
421140
421150
430980
43099.09c
430991
431000
431010
431020
431021
431030
431040
431050
431060
431070
431080
431090
431100
431110
431120
431130
431140
431150
431160
431170
440980
440990
44100.09c
44101.09c
44102.09c
44103.09c
441031
44104.09c
44105.09c
44106.09c
441070
441080
441090
441100
441110
441120
441130
441131
441140
441150
441160
441170
441180
441190
451020
45103.09c
451031
451040
451041
45105.09c
451051
451060
451061
451070
451080
451081
451090
451100
451101
451110
451120
451121
451130
451140
451141
451150
451160
451161
451170
451180
451190
451200
451210
451220
461040
46105.09c
46106.09c
46107.09c
461071
46108.09c
461090
461091
46110.09c
461110
461111
461120
461130
461131
461140
461150
461151
461160
461170
461171
461180
461190
461200
461210
461220
461230
461240
471070
471080
47109.09c
471091
47110.09c
471101
47111.09c
471111
471120
471130
471131
471140
471141
471150
471151
471160
471161
471170
471171
471180
471181
471190
471191
471200
471201
471210
471220
471221
471230
471240
471241
471250
471260
471270
471280
481080
481100
48111.09c
48112.09c
48113.09c
481131
48114.09c
48115.09c
481151
48116.09c
481170
481171
481180
481190
481191
481200
481210
481211
481220
481230
481231
481240
481250
481251
481260
481270
481280
481290
481291
481300
481310
481320
491120
49113.09c
491140
491141
49115.09c
491151
491160
491161
491162
491170
491171
491180
491181
491182
491190
491191
491200
491201
491202
491210
491211
491220
491221
491222
491230
491231
491240
491241
491250
491251
491260
491261
491270
491271
491280
491281
491282
491290
491291
491300
491301
491302
491310
491311
491312
491320
491330
491331
491340
501120
501140
50115.09c
50116.09c
50117.09c
501171
50118.09c
50119.09c
501191
50120.09c
501210
501211
50122.09c
50123.09c
501231
50124.09c
50125.09c
501251
50126.09c
501270
501271
501280
501281
501290
501291
501300
501301
501310
501311
501320
501330
501340
501350
501360
501370
511200
511201
51121.09c
511220
511221
51123.09c
51124.09c
511241
511242
51125.09c
51126.09c
511261
511262
511270
511280
511281
511290
511291
511300
511301
511310
511320
511321
511330
511340
511341
511350
511360
511370
511380
511390
52122.09c
52123.09c
521231
52124.09c
52125.09c
521251
52126.09c
52127.09c
521271
52128.09c
52129.09c
521291
52130.09c
521310
521311
52132.09c
521330
521331
521340
521350
521360
521370
521380
521390
521400
521410
521420
531260
53127.09c
531280
53129.09c
53130.09c
531301
53131.09c
531320
531321
531330
531331
531340
531341
53135.09c
531360
531361
531370
531380
531390
531400
531410
531420
531430
531440
541260
541270
54128.09c
54129.09c
541291
54130.09c
54131.09c
541311
54132.09c
541321
54133.09c
541331
54134.09c
541341
54135.09c
541351
54136.09c
541370
541380
541390
541400
541410
541420
541430
541440
541450
541460
541470
551320
55133.09c
55134.09c
551341
55135.09c
551351
55136.09c
551361
55137.09c
551380
551381
551390
551400
551410
551420
551430
551440
551441
551450
551460
551470
551480
551490
561320
561330
56134.09c
56135.09c
561351
56136.09c
561361
56137.09c
561371
56138.09c
561390
56140.09c
561410
561420
561430
561440
561450
561460
561470
561480
561490
561500
561510
561520
571370
57138.09c
57139.09c
57140.09c
571410
571420
571430
571440
571450
571460
571461
571470
571480
571490
571500
571510
571520
571530
571540
581380
581381
581390
581391
58140.09c
58141.09c
58142.09c
58143.09c
58144.09c
581450
581460
581470
581480
581490
581500
581510
581520
581530
581540
581550
581560
591400
59141.09c
59142.09c
591421
59143.09c
591440
591441
591450
591460
591470
591480
591481
591490
591500
591510
591520
591530
591540
591550
591560
591570
591580
601420
601430
60144.09c
60145.09c
60146.09c
60147.09c
60148.09c
601490
60150.09c
601510
601520
601530
601540
601550
601560
601570
601580
601590
601600
611450
611460
61147.09c
61148.09c
611481
61149.09c
611500
61151.09c
611520
611521
611522
611530
611540
611541
611550
611560
611570
611580
611590
611600
611610
611620
621460
621470
621480
62149.09c
62150.09c
62151.09c
62152.09c
62153.09c
621531
62154.09c
621550
621560
621570
621580
621590
621600
621610
621620
621630
621640
631490
631500
63151.09c
631520
63153.09c
63154.09c
631541
63155.09c
63156.09c
63157.09c
631580
631590
631600
631610
631620
631630
631640
631650
641520
64154.09c
64155.09c
64156.09c
64157.09c
64158.09c
641590
64160.09c
641610
641620
641630
641640
641650
641660
641670
651580
65159.09c
65160.09c
651610
651620
651630
651640
651650
651660
651670
651680
651690
661580
66160.09c
66161.09c
66162.09c
66163.09c
66164.09c
661650
661651
661660
661670
661680
661690
661700
661710
671630
671640
67165.09c
671660
671661
671670
671680
671681
671690
671700
671701
671710
671720
681640
681650
68166.09c
68167.09c
681671
68168.09c
681690
68170.09c
681710
681720
681730
681740
691690
691710
691720
691730
691740
691750
701710
701720
701730
701740
701750
701751
701760
711730
711740
71175.09c
711760
711761
721760
802060
812050
812060
812070
812080
812090
812100
822060
822070
822080
822090
822100
822110
822120
822140
832090
832100
832110
832120
832130
832140
832150
842100
842110
842120
842130
842140
842150
842160
842180
852150
852170
852180
852190
862170
862180
862190
862200
862220
872210
872220
872230
872240
882210
882220
882230
882240
882250
882260
882280
892250
892260
892270
892280
902250
902260
90227.09c
90228.09c
90229.09c
90230.09c
902310
90232.09c
90233.09c
90234.09c
902350
912290
912300
91231.09c
91232.09c
91233.09c
912340
912341
912350
922300
922310
92232.09c
92233.09c
92234.09c
92235.09c
922351
92236.09c
92237.09c
92238.09c
922390
922400
932330
932340
93235.09c
93236.09c
932361
93237.09c
93238.09c
93239.09c
932400
932401
942340
942350
94236.09c
94237.09c
942371
94238.09c
94239.09c
94240.09c
94241.09c
94242.09c
94243.09c
94244.09c
942450
942460
952380
952390
952400
95241.09c
95242.09c
952421
95243.09c
95244.09c
952441
952450
952461
962380
962390
96240.09c
96241.09c
96242.09c
96243.09c
96244.09c
962441
96245.09c
96246.09c
96247.09c
96248.09c
96249.09c
96250.09c
962510
972490
972510
982490
982510
